>> EdgeImageSegmentationScore(gt_sfera256,td_sfera256)

TP =

       53278


TN =

        4647


FP =

        1469


FN =

        6142


Accuracy =

    0.8839


Sensitivity =

    0.8966


Precision =

    0.9732


Dice =

    0.9333


Jaccard =

    0.8750


Specitivity =

    0.7598


>> pratt(gt_sfera256,td_sfera256)

ans =

   99.0144
